0 Untitled Model
0 Name:  head
0 Author:  
0 CustomBrick
0 NumOfBricks:  112
1 1 -10.000000 -24.000000 -20.000000 0.000000 0.000000 1.000000 0.000000 1.000000 0.000000 -1.000000 0.000000 0.000000 11211.dat
1 1 50.000000 -24.000000 -20.000000 0.000000 0.000000 -1.000000 0.000000 1.000000 0.000000 1.000000 0.000000 0.000000 11211.dat
1 1 -28.000000 -14.000000 -20.000000 0.000000 1.000000 0.000000 0.000000 0.000000 -1.000000 -1.000000 0.000000 0.000000 3710.dat
1 1 68.000000 -14.000000 -20.000000 0.000000 -1.000000 0.000000 0.000000 0.000000 -1.000000 1.000000 0.000000 0.000000 3710.dat
1 1 20.000000 -24.000000 -10.000000 0.000000 0.000000 1.000000 0.000000 1.000000 0.000000 -1.000000 0.000000 0.000000 93273.dat
1 1 20.000000 -24.000000 -30.000000 0.000000 0.000000 1.000000 0.000000 1.000000 0.000000 -1.000000 0.000000 0.000000 93273.dat
1 1 -10.000000 -24.000000 -50.000000 0.000000 0.000000 1.000000 0.000000 1.000000 0.000000 -1.000000 0.000000 0.000000 26604.dat
1 1 50.000000 -24.000000 -50.000000 1.000000 0.000000 0.000000 0.000000 1.000000 0.000000 0.000000 0.000000 1.000000 26604.dat
1 1 -10.000000 -24.000000 10.000000 -1.000000 0.000000 0.000000 0.000000 1.000000 0.000000 0.000000 0.000000 -1.000000 26604.dat
1 1 50.000000 -24.000000 10.000000 0.000000 0.000000 -1.000000 0.000000 1.000000 0.000000 1.000000 0.000000 0.000000 26604.dat
1 1 20.000000 -14.000000 -68.000000 1.000000 0.000000 0.000000 0.000000 0.000000 -1.000000 0.000000 1.000000 0.000000 3710.dat
1 1 20.000000 -32.000000 -20.000000 1.000000 0.000000 0.000000 0.000000 1.000000 0.000000 0.000000 0.000000 1.000000 3022.dat
1 1 20.000000 -24.000000 -20.000000 0.000000 0.000000 1.000000 0.000000 1.000000 0.000000 -1.000000 0.000000 0.000000 3020.dat
1 1 20.000000 -24.000000 10.000000 -1.000000 0.000000 0.000000 0.000000 1.000000 0.000000 0.000000 0.000000 -1.000000 85984.dat
1 1 20.000000 -24.000000 -50.000000 1.000000 0.000000 0.000000 0.000000 1.000000 0.000000 0.000000 0.000000 1.000000 85984.dat
1 1 10.000000 6.000000 -92.000000 -1.000000 0.000000 0.000000 0.000000 0.000000 1.000000 0.000000 1.000000 0.000000 13548.dat
1 1 -52.000000 6.000000 -10.000000 0.000000 1.000000 0.000000 0.000000 0.000000 1.000000 1.000000 0.000000 0.000000 13548.dat
1 1 -52.000000 6.000000 -30.000000 0.000000 1.000000 0.000000 -1.000000 0.000000 0.000000 0.000000 0.000000 1.000000 13548.dat
1 1 30.000000 6.000000 -92.000000 0.000000 0.000000 -1.000000 -1.000000 0.000000 0.000000 0.000000 1.000000 0.000000 13548.dat
1 1 92.000000 6.000000 -10.000000 0.000000 -1.000000 0.000000 -1.000000 0.000000 0.000000 0.000000 0.000000 -1.000000 13548.dat
1 1 92.000000 6.000000 -30.000000 0.000000 -1.000000 0.000000 0.000000 0.000000 1.000000 -1.000000 0.000000 0.000000 13548.dat
1 1 92.000000 36.000000 -30.000000 0.000000 -1.000000 0.000000 0.000000 0.000000 1.000000 -1.000000 0.000000 0.000000 93273.dat
1 1 92.000000 36.000000 -10.000000 0.000000 -1.000000 0.000000 0.000000 0.000000 1.000000 -1.000000 0.000000 0.000000 93273.dat
1 1 -52.000000 36.000000 -10.000000 0.000000 1.000000 0.000000 0.000000 0.000000 1.000000 1.000000 0.000000 0.000000 93273.dat
1 1 -52.000000 36.000000 -30.000000 0.000000 1.000000 0.000000 0.000000 0.000000 1.000000 1.000000 0.000000 0.000000 93273.dat
1 1 20.000000 -4.000010 28.000000 1.000000 0.000000 0.000000 0.000000 0.000001 1.000000 0.000000 -1.000000 0.000001 3020.dat
1 1 20.000010 16.000000 -92.000000 -1.000000 0.000000 0.000000 0.000000 0.000000 1.000000 0.000000 1.000000 0.000000 15068.dat
1 1 20.000010 46.000000 -100.000000 0.000000 0.000000 1.000000 1.000000 0.000000 0.000000 0.000000 1.000000 0.000000 3021.dat
1 85 20.000000 46.000000 -124.000000 0.000000 0.000000 1.000000 1.000000 0.000000 0.000000 0.000000 1.000000 0.000000 43898.dat
1 15 20.000010 46.000000 -116.000000 0.000000 0.000000 1.000000 1.000000 0.000000 0.000000 0.000000 1.000000 0.000000 85861.dat
1 1 -60.000010 36.000000 -20.000000 0.000000 1.000000 0.000000 0.000000 0.000000 -1.000000 -1.000000 0.000000 0.000000 3022.dat
1 1 100.000000 36.000000 -19.999990 0.000000 -1.000000 0.000000 0.000000 0.000000 -1.000000 1.000000 0.000000 0.000000 3022.dat
1 1 -52.000020 56.000000 -30.000000 0.000000 1.000000 0.000000 -1.000000 0.000000 0.000000 0.000000 0.000000 1.000000 60470a.dat
1 1 92.000010 56.000010 -30.000000 0.000000 -1.000000 0.000000 1.000000 0.000000 0.000000 0.000000 0.000000 1.000000 60470a.dat
1 1 -36.787280 56.000010 -65.146760 0.000000 0.684429 0.729080 1.000000 0.000000 0.000000 0.000000 0.729080 -0.684429 48336.dat
1 1 77.272060 56.000000 -65.556330 0.000000 -0.707106 -0.707108 -1.000000 0.000000 0.000000 0.000000 0.707108 -0.707106 48336.dat
1 1 -27.681110 56.000010 -84.667930 0.729080 0.684429 0.000000 0.000000 0.000000 -1.000000 -0.684429 0.729080 0.000000 3021.dat
1 1 68.786740 56.000000 -85.355300 0.707108 -0.707106 0.000000 0.000000 0.000000 -1.000000 0.707106 0.707108 0.000000 3021.dat
1 73 -40.447340 36.000000 -83.656290 0.729080 0.684429 0.000000 0.000000 0.000000 -1.000000 -0.684429 0.729080 0.000000 60474.dat
1 73 81.514660 36.000000 -83.941100 0.707108 -0.707106 0.000000 0.000000 0.000000 -1.000000 0.707106 0.707108 0.000000 60474.dat
1 15 87.171510 36.000000 -89.597960 -0.707108 -0.707106 0.000000 0.000000 0.000000 1.000000 -0.707106 0.707108 0.000000 14769p01.dat
1 15 -45.922780 36.000010 -89.488910 0.000000 0.684429 0.729080 1.000000 -0.000001 0.000000 0.000000 0.729080 -0.684429 14769p01.dat
1 1 -27.681120 26.000000 -84.667940 0.729080 0.684429 0.000000 0.000000 0.000000 -1.000000 -0.684429 0.729080 0.000000 2420.dat
1 1 -42.262720 26.000000 -70.979350 0.000000 0.684429 -0.729080 -1.000000 0.000000 0.000000 0.000000 0.729080 0.684429 2420.dat
1 1 68.786740 25.999990 -85.355280 0.000000 -0.707106 -0.707108 -1.000000 0.000000 0.000000 0.000000 0.707108 -0.707106 2420.dat
1 1 82.928900 26.000000 -71.213160 0.707108 -0.707106 0.000000 0.000000 0.000000 -1.000000 0.707106 0.707108 0.000000 2420.dat
1 15 20.000000 -8.000000 10.000000 -1.000000 0.000000 0.000000 0.000000 1.000000 0.000000 0.000000 0.000000 -1.000000 11211.dat
1 15 20.000010 -16.000000 -20.000000 0.000000 0.000000 1.000000 0.000000 1.000000 0.000000 -1.000000 0.000000 0.000000 3020.dat
1 1 50.000010 0.000000 -20.000000 0.000000 0.000000 -1.000000 0.000000 1.000000 0.000000 1.000000 0.000000 0.000000 3710.dat
1 1 -10.000000 0.000000 -20.000000 0.000000 0.000000 -1.000000 0.000000 1.000000 0.000000 1.000000 0.000000 0.000000 3710.dat
1 1 50.000020 8.000000 -20.000010 0.000000 0.000000 -1.000000 0.000000 1.000000 0.000000 1.000000 0.000000 0.000000 3710.dat
1 1 -10.000000 8.000000 -20.000000 0.000000 0.000000 -1.000000 0.000000 1.000000 0.000000 1.000000 0.000000 0.000000 3710.dat
1 15 20.000010 -8.000000 -30.000000 0.000000 0.000000 1.000000 0.000000 1.000000 0.000000 -1.000000 0.000000 0.000000 3002.dat
1 1 20.000010 46.000000 -108.000000 1.000000 0.000000 0.000000 0.000000 0.000000 -1.000000 0.000000 1.000000 0.000000 3794b.dat
1 1 20.000000 66.000000 -108.000000 1.000000 0.000000 0.000000 0.000000 0.000000 -1.000000 0.000000 1.000000 0.000000 3069b.dat
1 1 20.000000 16.000000 10.000000 -1.000000 0.000000 0.000000 0.000000 1.000000 0.000000 0.000000 0.000000 -1.000000 30414.dat
1 1 20.000000 26.000000 28.000010 -1.000000 0.000000 0.000000 0.000000 0.000000 -1.000000 0.000000 -1.000000 0.000000 3710.dat
1 1 19.999990 16.000000 -50.000000 1.000000 0.000000 0.000000 0.000000 1.000000 0.000000 0.000000 0.000000 1.000000 3710.dat
1 1 20.000000 16.000000 -20.000000 1.000000 0.000000 0.000000 0.000000 1.000000 0.000000 0.000000 0.000000 1.000000 3020.dat
1 71 -31.735820 56.000000 -0.151990 -0.173645 0.000000 -0.984794 0.000000 1.000000 0.000000 0.984804 0.000000 -0.173650 14418.dat
1 1 39.999990 24.000000 -40.000000 0.000000 0.000000 1.000000 0.000000 1.000000 0.000000 -1.000000 0.000000 0.000000 3001.dat
1 1 20.000010 26.000000 36.000010 0.000000 -0.000001 1.000000 -1.000000 0.000000 0.000000 0.000000 -1.000000 -0.000001 3021.dat
1 85 40.000000 35.999990 28.000010 0.000000 0.000000 -1.000000 1.000000 0.000000 0.000000 0.000000 -1.000000 0.000000 15068.dat
1 85 0.000100 36.000010 28.000050 0.000000 0.000000 0.999998 -1.000000 0.000000 0.000000 0.000000 -1.000000 0.000000 15068.dat
1 85 20.000000 -4.000010 28.000010 1.000000 -0.000001 0.000000 0.000000 0.000000 1.000000 -0.000001 -1.000000 0.000000 15068.dat
1 1 20.000000 40.000000 9.999990 1.000000 0.000000 0.000000 0.000000 1.000000 0.000000 0.000000 0.000000 1.000000 3710.dat
1 1 -0.000010 24.000000 -40.000010 0.000000 0.000000 1.000000 0.000000 1.000000 0.000000 -1.000000 0.000000 0.000000 3001.dat
1 15 19.999910 64.000000 -19.999910 -0.999997 0.000000 0.000001 0.000000 1.000000 0.000000 -0.000001 0.000000 -1.000000 18646.dat
1 71 71.735680 56.000000 -0.151790 0.173650 0.000000 -0.984794 0.000000 1.000000 0.000000 0.984804 0.000000 0.173650 14418.dat
1 15 20.000020 56.000000 -19.999990 0.000001 0.000000 -0.999995 0.000000 1.000000 0.000000 1.000000 0.000000 0.000000 3020.dat
1 15 20.000000 48.000000 9.999990 1.000000 0.000000 0.000000 0.000000 1.000000 0.000000 0.000000 0.000000 1.000000 3023.dat
1 1 19.999980 48.000000 -9.999990 1.000000 0.000000 0.000000 0.000000 1.000000 0.000000 0.000000 0.000000 1.000000 3666.dat
1 1 19.999990 48.000000 -50.000000 0.000000 0.000000 1.000000 0.000000 1.000000 0.000000 -1.000000 0.000000 0.000000 3021.dat
1 4 -10.000020 48.000000 -50.000020 0.000000 0.000000 -1.000000 0.000000 1.000000 0.000000 1.000000 0.000000 0.000000 3622.dat
1 4 50.000010 48.000000 -50.000000 0.000000 0.000000 -1.000000 0.000000 1.000000 0.000000 1.000000 0.000000 0.000000 3622.dat
1 1 20.000000 56.000000 -70.000000 1.000000 0.000000 0.000000 0.000000 1.000000 0.000000 0.000000 0.000000 1.000000 3023.dat
1 320 30.000000 72.000000 -50.000000 0.000000 0.000000 1.000000 0.000000 1.000000 0.000000 -1.000000 0.000000 0.000000 2420.dat
1 320 9.999980 72.000000 -50.000020 -1.000000 0.000000 0.000000 0.000000 1.000000 0.000000 0.000000 0.000000 -1.000000 2420.dat
1 1 49.999780 56.000000 10.000140 1.000000 0.000000 0.000000 0.000000 1.000000 0.000000 0.000000 0.000000 1.000000 85861.dat
1 1 50.000000 48.000000 9.999990 1.000000 0.000000 0.000000 0.000000 1.000000 0.000000 0.000000 0.000000 1.000000 85861.dat
1 1 -10.000020 56.000000 10.000070 1.000000 0.000000 0.000000 0.000000 1.000000 0.000000 0.000000 0.000000 1.000000 85861.dat
1 1 -10.000000 48.000000 9.999990 1.000000 0.000000 0.000000 0.000000 1.000000 0.000000 0.000000 0.000000 1.000000 85861.dat
1 4 -19.999930 72.000000 -19.999970 1.000000 0.000000 0.000000 0.000000 1.000000 0.000000 0.000000 0.000000 1.000000 3022.dat
1 4 60.000020 72.000000 -20.000000 1.000000 0.000000 0.000000 0.000000 1.000000 0.000000 0.000000 0.000000 1.000000 3022.dat
1 4 -29.999940 80.000000 -19.999970 0.000000 0.000000 -1.000000 0.000000 1.000000 0.000000 1.000000 0.000000 0.000000 18677.dat
1 4 70.000020 80.000000 -20.000000 0.000000 0.000000 -1.000000 0.000000 1.000000 0.000000 1.000000 0.000000 0.000000 18677.dat
1 4 -10.000000 99.058490 -17.344720 0.000000 0.000000 -1.000000 -0.342030 0.939689 0.000000 0.939689 0.342030 0.000000 11458.dat
1 4 50.000000 99.058440 -17.344700 0.000000 0.000000 -1.000000 -0.342030 0.939689 0.000000 0.939689 0.342030 0.000000 11458.dat
1 1 50.000020 90.000000 -9.999990 1.000000 0.000000 0.000000 0.000000 1.000000 0.000000 0.000000 0.000000 1.000000 6558.dat
1 1 -10.000010 90.000000 -10.000000 -1.000000 0.000000 0.000000 0.000000 1.000000 0.000000 0.000000 0.000000 -1.000000 6558.dat
1 1 20.000000 106.575900 -14.608450 1.000000 0.000000 0.000000 0.000000 0.939689 -0.342030 0.000000 0.342030 0.939689 18646.dat
1 320 30.000000 109.319400 -45.535340 0.000000 0.000000 1.000000 0.342030 0.939689 0.000000 -0.939689 0.342030 0.000000 2420.dat
1 320 10.000010 109.319400 -45.535280 -1.000001 0.000000 0.000000 0.000000 0.939688 0.342029 0.000000 0.342030 -0.939689 2420.dat
1 15 -30.000000 102.478700 -26.741580 1.000000 0.000000 0.000000 0.000000 0.939689 -0.342030 0.000000 0.342030 0.939689 6141.dat
1 15 -10.000010 101.801900 -48.271560 1.000000 0.000000 0.000000 0.000000 0.939689 -0.342030 0.000000 0.342030 0.939689 6141.dat
1 15 10.000010 108.642400 -67.065360 1.000000 0.000000 0.000000 0.000000 0.939689 -0.342030 0.000000 0.342030 0.939689 6141.dat
1 15 50.000000 101.801900 -48.271600 1.000000 0.000000 0.000000 0.000000 0.939689 -0.342030 0.000000 0.342030 0.939689 6141.dat
1 15 30.000000 108.642500 -67.065430 1.000000 0.000000 0.000000 0.000000 0.939689 -0.342030 0.000000 0.342030 0.939689 6141.dat
1 15 70.000000 102.478800 -26.741560 1.000000 0.000000 0.000000 0.000000 0.939689 -0.342030 0.000000 0.342030 0.939689 6141.dat
1 1 92.000000 56.000000 -10.000000 0.000000 -1.000000 0.000000 1.000000 0.000000 0.000000 0.000000 0.000000 1.000000 3710.dat
1 1 -52.000000 56.000000 -10.000000 0.000000 1.000000 0.000000 1.000000 0.000000 0.000000 0.000000 0.000000 -1.000000 3710.dat
1 4 20.000000 64.000000 -60.000000 1.000000 0.000000 0.000000 0.000000 1.000000 0.000000 0.000000 0.000000 1.000000 3022.dat
1 320 19.999990 101.530600 -27.060030 1.000000 0.000000 0.000000 0.000000 -0.087149 -0.996195 0.000000 0.996195 -0.087149 3068b.dat
1 4 9.999990 90.871500 -19.961960 0.000000 0.000000 1.000000 0.996195 -0.087149 0.000000 0.087149 0.996196 0.000000 6541.dat
1 15 40.000000 80.000000 -50.000000 0.000000 0.000000 1.000000 0.000000 1.000000 0.000000 -1.000000 0.000000 0.000000 6541.dat
1 4 30.000020 90.871490 -19.961950 0.000000 0.000000 1.000000 0.996195 -0.087149 0.000000 0.087149 0.996196 0.000000 6541.dat
1 1 19.999990 98.741870 4.818220 1.000000 0.000000 0.000000 0.000000 -0.087149 -0.996195 0.000000 0.996195 -0.087149 2654.dat
1 1 60.000000 103.155700 -5.211570 1.000000 0.000000 0.000000 0.000000 0.939689 -0.342030 0.000000 0.342030 0.939689 3023.dat
1 1 -20.000010 103.155700 -5.211580 1.000000 0.000000 0.000000 0.000000 0.939689 -0.342030 0.000000 0.342030 0.939689 3023.dat
1 1 19.999990 110.795400 -18.218970 1.000000 0.000000 0.000000 0.000000 -0.087149 -0.996195 0.000000 0.996195 -0.087149 3023.dat
1 1 19.999990 109.401000 -2.279850 1.000000 0.000000 0.000000 0.000000 -0.087149 -0.996195 0.000000 0.996195 -0.087149 3023.dat
1 71 19.999990 110.098200 -10.249410 1.000000 0.000000 0.000000 0.000000 -0.087149 -0.996195 0.000000 0.996195 -0.087149 14704.dat
