0 Untitled Model
0 Name:  head
0 Author:  
0 CustomBrick
0 NumOfBricks:  112
1 1 -10.000000 -24.000000 -20.000000 0.000000 0.000000 1.000000 0.000000 1.000000 0.000000 -1.000000 0.000000 0.000000 11211.dat
1 1 50.000000 -24.000000 -20.000000 0.000000 0.000000 -1.000000 0.000000 1.000000 0.000000 1.000000 0.000000 0.000000 11211.dat
1 1 -28.000000 -14.000000 -20.000000 0.000000 1.000000 0.000000 0.000000 0.000000 -1.000000 -1.000000 0.000000 0.000000 3710.dat
1 1 68.000000 -14.000000 -20.000000 0.000000 -1.000000 0.000000 0.000000 0.000000 -1.000000 1.000000 0.000000 0.000000 3710.dat
1 1 20.000000 -24.000000 -10.000000 0.000000 0.000000 1.000000 0.000000 1.000000 0.000000 -1.000000 0.000000 0.000000 93273.dat
1 1 20.000000 -24.000000 -30.000000 0.000000 0.000000 1.000000 0.000000 1.000000 0.000000 -1.000000 0.000000 0.000000 93273.dat
1 1 -10.000000 -24.000000 -50.000000 0.000000 0.000000 1.000000 0.000000 1.000000 0.000000 -1.000000 0.000000 0.000000 26604.dat
1 1 50.000000 -24.000000 -50.000000 1.000000 0.000000 0.000000 0.000000 1.000000 0.000000 0.000000 0.000000 1.000000 26604.dat
1 1 -10.000000 -24.000000 10.000000 -1.000000 0.000000 0.000000 0.000000 1.000000 0.000000 0.000000 0.000000 -1.000000 26604.dat
1 1 50.000000 -24.000000 10.000000 0.000000 0.000000 -1.000000 0.000000 1.000000 0.000000 1.000000 0.000000 0.000000 26604.dat
1 1 20.000000 -14.000000 -68.000000 1.000000 0.000000 0.000000 0.000000 0.000000 -1.000000 0.000000 1.000000 0.000000 3710.dat
1 1 20.000000 -32.000000 -20.000000 1.000000 0.000000 0.000000 0.000000 1.000000 0.000000 0.000000 0.000000 1.000000 3022.dat
1 1 20.000000 -24.000000 -20.000000 0.000000 0.000000 1.000000 0.000000 1.000000 0.000000 -1.000000 0.000000 0.000000 3020.dat
1 1 20.000000 -24.000000 10.000000 -1.000000 0.000000 0.000000 0.000000 1.000000 0.000000 0.000000 0.000000 -1.000000 85984.dat
1 1 20.000000 -24.000000 -50.000000 1.000000 0.000000 0.000000 0.000000 1.000000 0.000000 0.000000 0.000000 1.000000 85984.dat
1 1 10.000000 6.000000 -92.000000 -1.000000 0.000000 0.000000 0.000000 0.000000 1.000000 0.000000 1.000000 0.000000 13548.dat
1 1 -52.000000 6.000000 -10.000000 0.000000 1.000000 0.000000 0.000000 0.000000 1.000000 1.000000 0.000000 0.000000 13548.dat
1 1 -52.000000 6.000000 -30.000000 0.000000 1.000000 0.000000 -1.000000 0.000000 0.000000 0.000000 0.000000 1.000000 13548.dat
1 1 30.000000 6.000000 -92.000000 0.000000 0.000000 -1.000000 -1.000000 0.000000 0.000000 0.000000 1.000000 0.000000 13548.dat
1 1 92.000000 6.000000 -10.000000 0.000000 -1.000000 0.000000 -1.000000 0.000000 0.000000 0.000000 0.000000 -1.000000 13548.dat
1 1 92.000000 6.000000 -30.000000 0.000000 -1.000000 0.000000 0.000000 0.000000 1.000000 -1.000000 0.000000 0.000000 13548.dat
1 1 92.000000 36.000000 -30.000000 0.000000 -1.000000 0.000000 0.000000 0.000000 1.000000 -1.000000 0.000000 0.000000 93273.dat
1 1 92.000000 36.000000 -10.000000 0.000000 -1.000000 0.000000 0.000000 0.000000 1.000000 -1.000000 0.000000 0.000000 93273.dat
1 1 -52.000000 36.000000 -10.000000 0.000000 1.000000 0.000000 0.000000 0.000000 1.000000 1.000000 0.000000 0.000000 93273.dat
1 1 -52.000000 36.000000 -30.000000 0.000000 1.000000 0.000000 0.000000 0.000000 1.000000 1.000000 0.000000 0.000000 93273.dat
1 1 20.000000 -4.000000 28.000000 1.000000 0.000000 0.000000 0.000000 0.000001 1.000000 0.000000 -1.000000 0.000001 3020.dat
1 1 20.000000 16.000000 -92.000000 -1.000000 0.000000 0.000000 0.000000 0.000000 1.000000 0.000000 1.000000 0.000000 15068.dat
1 1 20.000000 46.000000 -100.000000 0.000000 0.000000 1.000000 1.000000 0.000000 0.000000 0.000000 1.000000 0.000000 3021.dat
1 1 20.000000 46.000000 -124.000000 0.000000 0.000000 1.000000 1.000000 0.000000 0.000000 0.000000 1.000000 0.000000 43898.dat
1 15 20.000000 46.000000 -116.000000 0.000000 0.000000 1.000000 1.000000 0.000000 0.000000 0.000000 1.000000 0.000000 85861.dat
1 1 -60.000000 36.000000 -20.000000 0.000000 1.000000 0.000000 0.000000 0.000000 -1.000000 -1.000000 0.000000 0.000000 3022.dat
1 1 100.000000 36.000000 -20.000000 0.000000 -1.000000 0.000000 0.000000 0.000000 -1.000000 1.000000 0.000000 0.000000 3022.dat
1 1 -52.000000 56.000000 -30.000000 0.000000 1.000000 0.000000 -1.000000 0.000000 0.000000 0.000000 0.000000 1.000000 60470a.dat
1 1 92.000000 56.000000 -30.000000 0.000000 -1.000000 0.000000 1.000000 0.000000 0.000000 0.000000 0.000000 1.000000 60470a.dat
1 1 -36.787300 56.000000 -65.146800 0.000000 0.684429 0.729080 1.000000 0.000000 0.000000 0.000000 0.729080 -0.684429 48336.dat
1 1 77.272090 56.000000 -65.556300 0.000000 -0.707106 -0.707108 -1.000000 0.000000 0.000000 0.000000 0.707108 -0.707106 48336.dat
1 1 -27.681100 56.000000 -84.667900 0.729080 0.684429 0.000000 0.000000 0.000000 -1.000000 -0.684429 0.729080 0.000000 3021.dat
1 1 68.786700 56.000000 -85.355300 0.707108 -0.707106 0.000000 0.000000 0.000000 -1.000000 0.707106 0.707108 0.000000 3021.dat
1 322 -40.447300 36.000000 -83.656300 0.729080 0.684429 0.000000 0.000000 0.000000 -1.000000 -0.684429 0.729080 0.000000 60474.dat
1 322 81.514690 36.000000 -83.941100 0.707108 -0.707106 0.000000 0.000000 0.000000 -1.000000 0.707106 0.707108 0.000000 60474.dat
1 15 87.171500 36.000000 -89.598000 -0.707108 -0.707106 0.000000 0.000000 0.000000 1.000000 -0.707106 0.707108 0.000000 14769p01.dat
1 15 -45.922800 36.000000 -89.488900 0.000000 0.684429 0.729080 1.000000 -0.000001 0.000000 0.000000 0.729080 -0.684429 14769p01.dat
1 1 -27.681100 26.000000 -84.667900 0.729080 0.684429 0.000000 0.000000 0.000000 -1.000000 -0.684429 0.729080 0.000000 2420.dat
1 1 -42.262700 26.000000 -70.979400 0.000000 0.684429 -0.729080 -1.000000 0.000000 0.000000 0.000000 0.729080 0.684429 2420.dat
1 1 68.786700 26.000000 -85.355300 0.000000 -0.707106 -0.707108 -1.000000 0.000000 0.000000 0.000000 0.707108 -0.707106 2420.dat
1 1 82.928900 26.000000 -71.213200 0.707108 -0.707106 0.000000 0.000000 0.000000 -1.000000 0.707106 0.707108 0.000000 2420.dat
1 15 20.000000 -8.000000 10.000000 -1.000000 0.000000 0.000000 0.000000 1.000000 0.000000 0.000000 0.000000 -1.000000 11211.dat
1 15 20.000000 -16.000000 -20.000000 0.000000 0.000000 1.000000 0.000000 1.000000 0.000000 -1.000000 0.000000 0.000000 3020.dat
1 1 50.000000 0.000000 -20.000000 0.000000 0.000000 -1.000000 0.000000 1.000000 0.000000 1.000000 0.000000 0.000000 3710.dat
1 1 -10.000000 0.000000 -20.000000 0.000000 0.000000 -1.000000 0.000000 1.000000 0.000000 1.000000 0.000000 0.000000 3710.dat
1 1 50.000000 8.000000 -20.000000 0.000000 0.000000 -1.000000 0.000000 1.000000 0.000000 1.000000 0.000000 0.000000 3710.dat
1 1 -10.000000 8.000000 -20.000000 0.000000 0.000000 -1.000000 0.000000 1.000000 0.000000 1.000000 0.000000 0.000000 3710.dat
1 15 20.000000 -8.000000 -30.000000 0.000000 0.000000 1.000000 0.000000 1.000000 0.000000 -1.000000 0.000000 0.000000 3002.dat
1 1 20.000000 46.000000 -108.000000 1.000000 0.000000 0.000000 0.000000 0.000000 -1.000000 0.000000 1.000000 0.000000 3794b.dat
1 1 20.000000 66.000000 -108.000000 1.000000 0.000000 0.000000 0.000000 0.000000 -1.000000 0.000000 1.000000 0.000000 3069b.dat
1 1 20.000000 16.000000 10.000000 -1.000000 0.000000 0.000000 0.000000 1.000000 0.000000 0.000000 0.000000 -1.000000 30414.dat
1 1 20.000000 26.000000 28.000000 -1.000000 0.000000 0.000000 0.000000 0.000000 -1.000000 0.000000 -1.000000 0.000000 3710.dat
1 1 20.000000 16.000000 -50.000000 1.000000 0.000000 0.000000 0.000000 1.000000 0.000000 0.000000 0.000000 1.000000 3710.dat
1 1 20.000000 16.000000 -20.000000 1.000000 0.000000 0.000000 0.000000 1.000000 0.000000 0.000000 0.000000 1.000000 3020.dat
1 71 -31.735800 56.000000 -0.152000 -0.173645 0.000000 -0.984794 0.000000 1.000000 0.000000 0.984804 0.000000 -0.173650 14418.dat
1 1 40.000000 24.000000 -40.000000 0.000000 0.000000 1.000000 0.000000 1.000000 0.000000 -1.000000 0.000000 0.000000 3001.dat
1 1 20.000000 26.000000 36.000000 0.000000 -0.000001 1.000000 -1.000000 0.000000 0.000000 0.000000 -1.000000 -0.000001 3021.dat
1 85 40.000000 36.000000 28.000000 0.000000 0.000000 -1.000000 1.000000 0.000000 0.000000 0.000000 -1.000000 0.000000 15068.dat
1 85 0.000100 36.000000 28.000000 0.000000 0.000000 0.999998 -1.000000 0.000000 0.000000 0.000000 -1.000000 0.000000 15068.dat
1 85 20.000000 -4.000000 28.000000 1.000000 -0.000001 0.000000 0.000000 0.000000 1.000000 -0.000001 -1.000000 0.000000 15068.dat
1 1 20.000000 40.000000 10.000000 1.000000 0.000000 0.000000 0.000000 1.000000 0.000000 0.000000 0.000000 1.000000 3710.dat
1 1 0.000000 24.000000 -40.000000 0.000000 0.000000 1.000000 0.000000 1.000000 0.000000 -1.000000 0.000000 0.000000 3001.dat
1 15 19.999900 64.000000 -19.999900 -0.999997 0.000000 0.000001 0.000000 1.000000 0.000000 -0.000001 0.000000 -1.000000 18646.dat
1 71 71.735690 56.000000 -0.151800 0.173650 0.000000 -0.984794 0.000000 1.000000 0.000000 0.984804 0.000000 0.173650 14418.dat
1 15 20.000000 56.000000 -20.000000 0.000001 0.000000 -0.999995 0.000000 1.000000 0.000000 1.000000 0.000000 0.000000 3020.dat
1 15 20.000000 48.000000 10.000000 1.000000 0.000000 0.000000 0.000000 1.000000 0.000000 0.000000 0.000000 1.000000 3023.dat
1 1 20.000000 48.000000 -10.000000 1.000000 0.000000 0.000000 0.000000 1.000000 0.000000 0.000000 0.000000 1.000000 3666.dat
1 1 20.000000 48.000000 -50.000000 0.000000 0.000000 1.000000 0.000000 1.000000 0.000000 -1.000000 0.000000 0.000000 3021.dat
1 4 -10.000000 48.000000 -50.000000 0.000000 0.000000 -1.000000 0.000000 1.000000 0.000000 1.000000 0.000000 0.000000 3622.dat
1 4 50.000000 48.000000 -50.000000 0.000000 0.000000 -1.000000 0.000000 1.000000 0.000000 1.000000 0.000000 0.000000 3622.dat
1 1 20.000000 56.000000 -70.000000 1.000000 0.000000 0.000000 0.000000 1.000000 0.000000 0.000000 0.000000 1.000000 3023.dat
1 320 30.000000 72.000000 -50.000000 0.000000 0.000000 1.000000 0.000000 1.000000 0.000000 -1.000000 0.000000 0.000000 2420.dat
1 320 10.000000 72.000000 -50.000000 -1.000000 0.000000 0.000000 0.000000 1.000000 0.000000 0.000000 0.000000 -1.000000 2420.dat
1 1 49.999800 56.000000 10.000100 1.000000 0.000000 0.000000 0.000000 1.000000 0.000000 0.000000 0.000000 1.000000 85861.dat
1 1 50.000000 48.000000 10.000000 1.000000 0.000000 0.000000 0.000000 1.000000 0.000000 0.000000 0.000000 1.000000 85861.dat
1 1 -10.000000 56.000000 10.000100 1.000000 0.000000 0.000000 0.000000 1.000000 0.000000 0.000000 0.000000 1.000000 85861.dat
1 1 -10.000000 48.000000 10.000000 1.000000 0.000000 0.000000 0.000000 1.000000 0.000000 0.000000 0.000000 1.000000 85861.dat
1 4 -19.999900 72.000000 -20.000000 1.000000 0.000000 0.000000 0.000000 1.000000 0.000000 0.000000 0.000000 1.000000 3022.dat
1 4 60.000000 72.000000 -20.000000 1.000000 0.000000 0.000000 0.000000 1.000000 0.000000 0.000000 0.000000 1.000000 3022.dat
1 4 -29.999900 80.000000 -20.000000 0.000000 0.000000 -1.000000 0.000000 1.000000 0.000000 1.000000 0.000000 0.000000 18677.dat
1 4 70.000000 80.000000 -20.000000 0.000000 0.000000 -1.000000 0.000000 1.000000 0.000000 1.000000 0.000000 0.000000 18677.dat
1 4 -10.000000 99.058490 -17.344700 0.000000 0.000000 -1.000000 -0.342030 0.939689 0.000000 0.939689 0.342030 0.000000 11458.dat
1 4 50.000000 99.058410 -17.344700 0.000000 0.000000 -1.000000 -0.342030 0.939689 0.000000 0.939689 0.342030 0.000000 11458.dat
1 1 50.000000 90.000000 -10.000000 1.000000 0.000000 0.000000 0.000000 1.000000 0.000000 0.000000 0.000000 1.000000 6558.dat
1 1 -10.000000 90.000000 -10.000000 -1.000000 0.000000 0.000000 0.000000 1.000000 0.000000 0.000000 0.000000 -1.000000 6558.dat
1 1 20.000000 106.575900 -14.608400 1.000000 0.000000 0.000000 0.000000 0.939689 -0.342030 0.000000 0.342030 0.939689 18646.dat
1 320 30.000000 109.319400 -45.535300 0.000000 0.000000 1.000000 0.342030 0.939689 0.000000 -0.939689 0.342030 0.000000 2420.dat
1 320 10.000000 109.319400 -45.535300 -1.000001 0.000000 0.000000 0.000000 0.939688 0.342029 0.000000 0.342030 -0.939689 2420.dat
1 15 -30.000000 102.478700 -26.741600 1.000000 0.000000 0.000000 0.000000 0.939689 -0.342030 0.000000 0.342030 0.939689 6141.dat
1 15 -10.000000 101.801900 -48.271600 1.000000 0.000000 0.000000 0.000000 0.939689 -0.342030 0.000000 0.342030 0.939689 6141.dat
1 15 10.000000 108.642400 -67.065400 1.000000 0.000000 0.000000 0.000000 0.939689 -0.342030 0.000000 0.342030 0.939689 6141.dat
1 15 50.000000 101.801900 -48.271600 1.000000 0.000000 0.000000 0.000000 0.939689 -0.342030 0.000000 0.342030 0.939689 6141.dat
1 15 30.000000 108.642500 -67.065400 1.000000 0.000000 0.000000 0.000000 0.939689 -0.342030 0.000000 0.342030 0.939689 6141.dat
1 15 70.000000 102.478800 -26.741600 1.000000 0.000000 0.000000 0.000000 0.939689 -0.342030 0.000000 0.342030 0.939689 6141.dat
1 1 92.000000 56.000000 -10.000000 0.000000 -1.000000 0.000000 1.000000 0.000000 0.000000 0.000000 0.000000 1.000000 3710.dat
1 1 -52.000000 56.000000 -10.000000 0.000000 1.000000 0.000000 1.000000 0.000000 0.000000 0.000000 0.000000 -1.000000 3710.dat
1 4 20.000000 64.000000 -60.000000 1.000000 0.000000 0.000000 0.000000 1.000000 0.000000 0.000000 0.000000 1.000000 3022.dat
1 320 20.000000 101.530600 -27.060000 1.000000 0.000000 0.000000 0.000000 -0.087149 -0.996195 0.000000 0.996195 -0.087149 3068b.dat
1 4 10.000000 90.871500 -19.962000 0.000000 0.000000 1.000000 0.996195 -0.087149 0.000000 0.087149 0.996196 0.000000 6541.dat
1 15 40.000000 80.000000 -50.000000 0.000000 0.000000 1.000000 0.000000 1.000000 0.000000 -1.000000 0.000000 0.000000 6541.dat
1 4 30.000000 90.871500 -19.962000 0.000000 0.000000 1.000000 0.996195 -0.087149 0.000000 0.087149 0.996196 0.000000 6541.dat
1 1 20.000000 98.741900 4.818200 1.000000 0.000000 0.000000 0.000000 -0.087149 -0.996195 0.000000 0.996195 -0.087149 2654.dat
1 1 60.000000 103.155700 -5.211600 1.000000 0.000000 0.000000 0.000000 0.939689 -0.342030 0.000000 0.342030 0.939689 3023.dat
1 1 -20.000000 103.155700 -5.211600 1.000000 0.000000 0.000000 0.000000 0.939689 -0.342030 0.000000 0.342030 0.939689 3023.dat
1 1 20.000000 110.795400 -18.219000 1.000000 0.000000 0.000000 0.000000 -0.087149 -0.996195 0.000000 0.996195 -0.087149 3023.dat
1 1 20.000000 109.401000 -2.279800 1.000000 0.000000 0.000000 0.000000 -0.087149 -0.996195 0.000000 0.996195 -0.087149 3023.dat
1 71 20.000000 110.098200 -10.249400 1.000000 0.000000 0.000000 0.000000 -0.087149 -0.996195 0.000000 0.996195 -0.087149 14704.dat
